25
38
32
44
25
13
12
21
15
14
39
28
23
5
16
35
38
22
26
1
31
13
12
4
38
44
50
22
49
6
31
21
36
9
28
31
38
7
37
36
2
24
35
32
36
13
15
13
47
3
9
9
46
4
22
31
17
16
48
8
23
19
15
21
20
8
8
3
46
26
10
15
22
4
29
20
8
18
20
23
25
37
45
42
9
30
12
47
20
20
34
7
35
1
36
32
22
20
50
16
8
46
44
40
9
26
13
26
40
1
49
31
12
39
41
2
9
31
27
22
16
7
28
4
28
36
20
50
18
18
38
46
46
47
9
46
46
43
28
19
41
7
38
20
14
29
47
40
37
41
12
48
23
20
26
47
2
32
17
21
43
48
31
46
31
3
38
13
27
48
17
30
34
36
44
28
33
13
49
17
12
40
12
25
48
36
22
39
43
16
27
9
37
49
22
40
42
6
17
13
26
48
39
11
5
27
39
9
17
17
40
19
19
22
36
3
38
33
38
33
32
13
24
20
44
38
48
30
16
42
14
25
39
36
50
15
44
40
15
26
36
20
21
37
42
1
47
49
11
20
14
48
35
29
38
1
25
36
11
40
32
29
18
13
16
20
22
11
18
34
12
41
16
12
20
2
46
44
23
29
17
24
44
1
18
21
13
11
14
30
39
23
29
36
7
17
49
7
14
40
12
28
2
10
3
50
10
47
1
13
8
27
26
13
6
22
6
38
17
48
8
7
33
48
20
39
18
20
20
34
33
30
25
29
39
17
43
38
34
9
18
8
41
46
40
22
9
5
1
50
14
44
37
8
2
16
30
14
8
14
23
16
1
14
4
25
10
49
40
5
24
12
21
7
21
20
29
47
27
17
44
6
20
44
13
13
47
39
26
28
10
45
46
34
8
19
21
9
33
34
18
4
36
10
23
14
50
21
49
2
39
39
6
23
29
29
18
33
28
48
35
49
33
9
1
41
33
23
38
3
2
8
32
3
27
22
5
6
48
36
38
14
20
6
4
19
2
15
29
45
33
36
44
30
50
37
14
3
27
25
24
25
42
44
8
19
48
9
26
15
24
19
34
50
46
37
3
12
29
33
10
29
19
7
39
23
48
8
13
23
36
6
6
11
1
4
1
23
11
40
17
47
6
22
18
44
15
12
36
12
24
8
4
44
22
16
23
9
40
17
46
34
31
7
19
5
9
22
32
34
19
29
25
12
6
14
41
15
14
37
20
37
28
41
4
26
19
18
38
37
15
28
14
29
13
10
35
36
17
45
25
15
15
31
3
30
27
5
29
20
8
49
44
24
22
24
46
39
23
9
49
21
31
13
45
19
2
17
5
40
4
1
49
26
19
5
14
30
44
25
43
8
31
34
31
7
10
27
45
32
36
26
34
12
1
34
24
16
24
1
28
26
24
48
29
40
9
35
7
4
11
5
5
8
46
14
38
42
50
30
24
32
13
30
48
21
32
12
44
1
6
36
17
35
9
19
43
16
36
8
19
50
14
5
9
17
48
35
40
45
20
44
45
47
50
7
35
24
43
50
47
13
49
28
50
2
12
20
23
45
17
15
5
36
42
7
43
14
41
10
24
40
21
31
8
7
42
4
5
47
39
19
28
33
9
37
43
11
18
21
31
36
20
5
31
46
49
42
7
37
25
34
43
6
16
19
9
4
30
26
29
13
27
17
36
22
37
22
7
25
35
44
19
30
7
10
4
37
35
42
42
35
27
14
19
39
21
33
48
45
4
16
34
4
22
34
7
12
34
40
25
42
3
40
27
12
23
11
16
45
29
25
4
15
14
26
45
17
46
19
44
19
38
14
13
16
39
42
15
14
44
34
38
22
37
29
47
44
39
2
8
44
22
41
30
39
44
23
17
26
32
1
20
10
15
22
11
21
15
41
8
9
1
50
5
27
39
19
14
7
14
24
28
48
28
23
32
49
40
32
36
36
12
20
44
4
42
14
42
39
14
22
46
10
14
45
29
32
37
29
47
36
38
2
33
27
17
37
19
46
25
49
44
40
18
10
3
39
7
13
42
18
41
7
21
22
14
50
43
3
46
11
44
41
41
50
41
9
38
31
25
2
47
23
42
2
26
49
30
30
39
31
26
4
2
26
19
3
31
47
33
9
15
13
8
23
4
34
44
46
28
42
1
23
48
35
39
10
26
8
39
44
31
8
5
30
33
46
17
40
30
47
41
38
34
42
35
2
24
14
41
25
39
12
47
43
7
21
24
28
3
23
19
29
35
47
14
20
9
